[gd_scene load_steps=2 format=3 uid="uid://5ipqmff8hwbo"]

[ext_resource type="PackedScene" uid="uid://dh1e80ee0m2t6" path="res://scenes_and_code/Player.tscn" id="1_1aeb8"]

[node name="Main" type="Node3D"]

[node name="CSGBox3D" type="CSGBox3D" parent="."]
transform = Transform3D(1, 0, 0, 0, 1, 0, 0, 0, 1, 0, -2.51938, 0)
use_collision = true
size = Vector3(34, 0.002, 28)

[node name="DirectionalLight3D" type="DirectionalLight3D" parent="."]
transform = Transform3D(1, 0, 0, 0, -0.171499, 0.985184, 0, -0.985184, -0.171499, 0, 1.81112, 0)
shadow_enabled = true

[node name="Player" parent="." instance=ExtResource("1_1aeb8")]
transform = Transform3D(-0.0335564, 0, 0.999437, 0, 1, 0, -0.999437, 0, -0.0335564, 0, 0, 0)

[node name="CamPivot" type="Node3D" parent="."]
transform = Transform3D(-1, 0, -8.74228e-08, 0, 1, 0, 8.74228e-08, 0, -1, 0, 0, 0)

[node name="Camera3D" type="Camera3D" parent="CamPivot"]
transform = Transform3D(1, 1.06581e-14, -1.06581e-14, 0, 0.707107, 0.707107, 1.42109e-14, -0.707107, 0.707107, -7.42591e-08, 8.24968, 11.6989)
projection = 1
size = 19.0
